2022/11/11-01:42:35.633345 10c0ad600 RocksDB version: 6.20.3
2022/11/11-01:42:35.633411 10c0ad600 Git sha 8608d75d85f8e1b3b64b73a4fb6d19baec61ba5c
2022/11/11-01:42:35.633415 10c0ad600 Compile date 2021-05-05 20:35:30
2022/11/11-01:42:35.633436 10c0ad600 DB SUMMARY
2022/11/11-01:42:35.633440 10c0ad600 DB Session ID:  LR231PKHLU7DDNG5M8SU
2022/11/11-01:42:35.633522 10c0ad600 CURRENT file:  CURRENT
2022/11/11-01:42:35.633524 10c0ad600 IDENTITY file:  IDENTITY
2022/11/11-01:42:35.633531 10c0ad600 MANIFEST file:  MANIFEST-000196 size: 373 Bytes
2022/11/11-01:42:35.633533 10c0ad600 SST files in database2/articles dir, Total Num: 3, files: 000111.sst 000113.sst 000122.sst 
2022/11/11-01:42:35.633537 10c0ad600 Write Ahead Log file in database2/articles: 000197.log size: 0 ; 
2022/11/11-01:42:35.633541 10c0ad600                         Options.error_if_exists: 0
2022/11/11-01:42:35.633545 10c0ad600                       Options.create_if_missing: 1
2022/11/11-01:42:35.633546 10c0ad600                         Options.paranoid_checks: 1
2022/11/11-01:42:35.633547 10c0ad600                               Options.track_and_verify_wals_in_manifest: 0
2022/11/11-01:42:35.633549 10c0ad600                                     Options.env: 0x10af53f18
2022/11/11-01:42:35.633550 10c0ad600                                      Options.fs: Posix File System
2022/11/11-01:42:35.633551 10c0ad600                                Options.info_log: 0x7f8387a4d2e0
2022/11/11-01:42:35.633552 10c0ad600                Options.max_file_opening_threads: 16
2022/11/11-01:42:35.633554 10c0ad600                              Options.statistics: 0x0
2022/11/11-01:42:35.633555 10c0ad600                               Options.use_fsync: 0
2022/11/11-01:42:35.633556 10c0ad600                       Options.max_log_file_size: 0
2022/11/11-01:42:35.633557 10c0ad600                  Options.max_manifest_file_size: 1073741824
2022/11/11-01:42:35.633558 10c0ad600                   Options.log_file_time_to_roll: 0
2022/11/11-01:42:35.633559 10c0ad600                       Options.keep_log_file_num: 1000
2022/11/11-01:42:35.633560 10c0ad600                    Options.recycle_log_file_num: 0
2022/11/11-01:42:35.633564 10c0ad600                         Options.allow_fallocate: 1
2022/11/11-01:42:35.633565 10c0ad600                        Options.allow_mmap_reads: 0
2022/11/11-01:42:35.633566 10c0ad600                       Options.allow_mmap_writes: 0
2022/11/11-01:42:35.633568 10c0ad600                        Options.use_direct_reads: 0
2022/11/11-01:42:35.633569 10c0ad600                        Options.use_direct_io_for_flush_and_compaction: 0
2022/11/11-01:42:35.633572 10c0ad600          Options.create_missing_column_families: 0
2022/11/11-01:42:35.633573 10c0ad600                              Options.db_log_dir: 
2022/11/11-01:42:35.633574 10c0ad600                                 Options.wal_dir: database2/articles
2022/11/11-01:42:35.633575 10c0ad600                Options.table_cache_numshardbits: 6
2022/11/11-01:42:35.633576 10c0ad600                         Options.WAL_ttl_seconds: 0
2022/11/11-01:42:35.633577 10c0ad600                       Options.WAL_size_limit_MB: 0
2022/11/11-01:42:35.633578 10c0ad600                        Options.max_write_batch_group_size_bytes: 1048576
2022/11/11-01:42:35.633579 10c0ad600             Options.manifest_preallocation_size: 4194304
2022/11/11-01:42:35.633581 10c0ad600                     Options.is_fd_close_on_exec: 1
2022/11/11-01:42:35.633582 10c0ad600                   Options.advise_random_on_open: 1
2022/11/11-01:42:35.633583 10c0ad600                    Options.db_write_buffer_size: 0
2022/11/11-01:42:35.633584 10c0ad600                    Options.write_buffer_manager: 0x7f8387a616b0
2022/11/11-01:42:35.633585 10c0ad600         Options.access_hint_on_compaction_start: 1
2022/11/11-01:42:35.633586 10c0ad600  Options.new_table_reader_for_compaction_inputs: 0
2022/11/11-01:42:35.633587 10c0ad600           Options.random_access_max_buffer_size: 1048576
2022/11/11-01:42:35.633588 10c0ad600                      Options.use_adaptive_mutex: 0
2022/11/11-01:42:35.633589 10c0ad600                            Options.rate_limiter: 0x0
2022/11/11-01:42:35.633635 10c0ad600     Options.sst_file_manager.rate_bytes_per_sec: 0
2022/11/11-01:42:35.633637 10c0ad600                       Options.wal_recovery_mode: 2
2022/11/11-01:42:35.633638 10c0ad600                  Options.enable_thread_tracking: 0
2022/11/11-01:42:35.633639 10c0ad600                  Options.enable_pipelined_write: 0
2022/11/11-01:42:35.633641 10c0ad600                  Options.unordered_write: 0
2022/11/11-01:42:35.633642 10c0ad600         Options.allow_concurrent_memtable_write: 1
2022/11/11-01:42:35.633643 10c0ad600      Options.enable_write_thread_adaptive_yield: 1
2022/11/11-01:42:35.633644 10c0ad600             Options.write_thread_max_yield_usec: 100
2022/11/11-01:42:35.633645 10c0ad600            Options.write_thread_slow_yield_usec: 3
2022/11/11-01:42:35.633646 10c0ad600                               Options.row_cache: None
2022/11/11-01:42:35.633647 10c0ad600                              Options.wal_filter: None
2022/11/11-01:42:35.633648 10c0ad600             Options.avoid_flush_during_recovery: 0
2022/11/11-01:42:35.633649 10c0ad600             Options.allow_ingest_behind: 0
2022/11/11-01:42:35.633651 10c0ad600             Options.preserve_deletes: 0
2022/11/11-01:42:35.633652 10c0ad600             Options.two_write_queues: 0
2022/11/11-01:42:35.633653 10c0ad600             Options.manual_wal_flush: 0
2022/11/11-01:42:35.633654 10c0ad600             Options.atomic_flush: 0
2022/11/11-01:42:35.633655 10c0ad600             Options.avoid_unnecessary_blocking_io: 0
2022/11/11-01:42:35.633656 10c0ad600                 Options.persist_stats_to_disk: 0
2022/11/11-01:42:35.633657 10c0ad600                 Options.write_dbid_to_manifest: 0
2022/11/11-01:42:35.633658 10c0ad600                 Options.log_readahead_size: 0
2022/11/11-01:42:35.633659 10c0ad600                 Options.file_checksum_gen_factory: Unknown
2022/11/11-01:42:35.633661 10c0ad600                 Options.best_efforts_recovery: 0
2022/11/11-01:42:35.633662 10c0ad600                Options.max_bgerror_resume_count: 2147483647
2022/11/11-01:42:35.633663 10c0ad600            Options.bgerror_resume_retry_interval: 1000000
2022/11/11-01:42:35.633664 10c0ad600             Options.allow_data_in_errors: 0
2022/11/11-01:42:35.633665 10c0ad600             Options.db_host_id: __hostname__
2022/11/11-01:42:35.633666 10c0ad600             Options.max_background_jobs: 1
2022/11/11-01:42:35.633667 10c0ad600             Options.max_background_compactions: -1
2022/11/11-01:42:35.633669 10c0ad600             Options.max_subcompactions: 1
2022/11/11-01:42:35.633670 10c0ad600             Options.avoid_flush_during_shutdown: 0
2022/11/11-01:42:35.633671 10c0ad600           Options.writable_file_max_buffer_size: 1048576
2022/11/11-01:42:35.633672 10c0ad600             Options.delayed_write_rate : 16777216
2022/11/11-01:42:35.633673 10c0ad600             Options.max_total_wal_size: 0
2022/11/11-01:42:35.633674 10c0ad600             Options.delete_obsolete_files_period_micros: 21600000000
2022/11/11-01:42:35.633675 10c0ad600                   Options.stats_dump_period_sec: 600
2022/11/11-01:42:35.633677 10c0ad600                 Options.stats_persist_period_sec: 600
2022/11/11-01:42:35.633678 10c0ad600                 Options.stats_history_buffer_size: 1048576
2022/11/11-01:42:35.633679 10c0ad600                          Options.max_open_files: -1
2022/11/11-01:42:35.633680 10c0ad600                          Options.bytes_per_sync: 0
2022/11/11-01:42:35.633681 10c0ad600                      Options.wal_bytes_per_sync: 0
2022/11/11-01:42:35.633682 10c0ad600                   Options.strict_bytes_per_sync: 0
2022/11/11-01:42:35.633683 10c0ad600       Options.compaction_readahead_size: 0
2022/11/11-01:42:35.633684 10c0ad600                  Options.max_background_flushes: -1
2022/11/11-01:42:35.633686 10c0ad600 Compression algorithms supported:
2022/11/11-01:42:35.633689 10c0ad600 	kZSTD supported: 1
2022/11/11-01:42:35.633691 10c0ad600 	kZlibCompression supported: 1
2022/11/11-01:42:35.633692 10c0ad600 	kXpressCompression supported: 0
2022/11/11-01:42:35.633725 10c0ad600 	kSnappyCompression supported: 1
2022/11/11-01:42:35.633727 10c0ad600 	kZSTDNotFinalCompression supported: 1
2022/11/11-01:42:35.633728 10c0ad600 	kLZ4HCCompression supported: 1
2022/11/11-01:42:35.633729 10c0ad600 	kLZ4Compression supported: 1
2022/11/11-01:42:35.633731 10c0ad600 	kBZip2Compression supported: 1
2022/11/11-01:42:35.633732 10c0ad600 Fast CRC32 supported: Not supported on x86
2022/11/11-01:42:35.633873 10c0ad600 [db/version_set.cc:4627] Recovering from manifest file: database2/articles/MANIFEST-000196
2022/11/11-01:42:35.633965 10c0ad600 [db/column_family.cc:598] --------------- Options for column family [default]:
2022/11/11-01:42:35.633971 10c0ad600               Options.comparator: leveldb.BytewiseComparator
2022/11/11-01:42:35.633972 10c0ad600           Options.merge_operator: None
2022/11/11-01:42:35.633974 10c0ad600        Options.compaction_filter: None
2022/11/11-01:42:35.633975 10c0ad600        Options.compaction_filter_factory: None
2022/11/11-01:42:35.633976 10c0ad600  Options.sst_partitioner_factory: None
2022/11/11-01:42:35.633977 10c0ad600         Options.memtable_factory: SkipListFactory
2022/11/11-01:42:35.633978 10c0ad600            Options.table_factory: BlockBasedTable
2022/11/11-01:42:35.633999 10c0ad600            table_factory options:   flush_block_policy_factory: FlushBlockBySizePolicyFactory (0x7f8387a95a50)
  cache_index_and_filter_blocks: 0
  cache_index_and_filter_blocks_with_high_priority: 1
  pin_l0_filter_and_index_blocks_in_cache: 0
  pin_top_level_index_and_filter: 1
  index_type: 0
  data_block_index_type: 0
  index_shortening: 1
  data_block_hash_table_util_ratio: 0.750000
  hash_index_allow_collision: 1
  checksum: 1
  no_block_cache: 0
  block_cache: 0x7f8387a83d38
  block_cache_name: LRUCache
  block_cache_options:
    capacity : 8388608
    num_shard_bits : 4
    strict_capacity_limit : 0
    memory_allocator : None
    high_pri_pool_ratio: 0.000
  block_cache_compressed: 0x0
  persistent_cache: 0x0
  block_size: 4096
  block_size_deviation: 10
  block_restart_interval: 16
  index_block_restart_interval: 1
  metadata_block_size: 4096
  partition_filters: 0
  use_delta_encoding: 1
  filter_policy: nullptr
  whole_key_filtering: 1
  verify_compression: 0
  read_amp_bytes_per_bit: 0
  format_version: 5
  enable_index_compression: 1
  block_align: 0
2022/11/11-01:42:35.634003 10c0ad600        Options.write_buffer_size: 67108864
2022/11/11-01:42:35.634004 10c0ad600  Options.max_write_buffer_number: 2
2022/11/11-01:42:35.634008 10c0ad600          Options.compression: Snappy
2022/11/11-01:42:35.634009 10c0ad600                  Options.bottommost_compression: Disabled
2022/11/11-01:42:35.634010 10c0ad600       Options.prefix_extractor: nullptr
2022/11/11-01:42:35.634011 10c0ad600   Options.memtable_insert_with_hint_prefix_extractor: nullptr
2022/11/11-01:42:35.634012 10c0ad600             Options.num_levels: 7
2022/11/11-01:42:35.634013 10c0ad600        Options.min_write_buffer_number_to_merge: 1
2022/11/11-01:42:35.634015 10c0ad600     Options.max_write_buffer_number_to_maintain: 0
2022/11/11-01:42:35.634016 10c0ad600     Options.max_write_buffer_size_to_maintain: 0
2022/11/11-01:42:35.634017 10c0ad600            Options.bottommost_compression_opts.window_bits: -14
2022/11/11-01:42:35.634018 10c0ad600                  Options.bottommost_compression_opts.level: 32767
2022/11/11-01:42:35.634019 10c0ad600               Options.bottommost_compression_opts.strategy: 0
2022/11/11-01:42:35.634020 10c0ad600         Options.bottommost_compression_opts.max_dict_bytes: 0
2022/11/11-01:42:35.634022 10c0ad600         Options.bottommost_compression_opts.zstd_max_train_bytes: 0
2022/11/11-01:42:35.634023 10c0ad600         Options.bottommost_compression_opts.parallel_threads: 1
2022/11/11-01:42:35.634024 10c0ad600                  Options.bottommost_compression_opts.enabled: false
2022/11/11-01:42:35.634025 10c0ad600         Options.bottommost_compression_opts.max_dict_buffer_bytes: 0
2022/11/11-01:42:35.634026 10c0ad600            Options.compression_opts.window_bits: -14
2022/11/11-01:42:35.634067 10c0ad600                  Options.compression_opts.level: 32767
2022/11/11-01:42:35.634070 10c0ad600               Options.compression_opts.strategy: 0
2022/11/11-01:42:35.634071 10c0ad600         Options.compression_opts.max_dict_bytes: 0
2022/11/11-01:42:35.634072 10c0ad600         Options.compression_opts.zstd_max_train_bytes: 0
2022/11/11-01:42:35.634074 10c0ad600         Options.compression_opts.parallel_threads: 1
2022/11/11-01:42:35.634075 10c0ad600                  Options.compression_opts.enabled: false
2022/11/11-01:42:35.634076 10c0ad600         Options.compression_opts.max_dict_buffer_bytes: 0
2022/11/11-01:42:35.634077 10c0ad600      Options.level0_file_num_compaction_trigger: 4
2022/11/11-01:42:35.634078 10c0ad600          Options.level0_slowdown_writes_trigger: 20
2022/11/11-01:42:35.634079 10c0ad600              Options.level0_stop_writes_trigger: 36
2022/11/11-01:42:35.634080 10c0ad600                   Options.target_file_size_base: 67108864
2022/11/11-01:42:35.634081 10c0ad600             Options.target_file_size_multiplier: 1
2022/11/11-01:42:35.634083 10c0ad600                Options.max_bytes_for_level_base: 268435456
2022/11/11-01:42:35.634084 10c0ad600 Options.level_compaction_dynamic_level_bytes: 0
2022/11/11-01:42:35.634085 10c0ad600          Options.max_bytes_for_level_multiplier: 10.000000
2022/11/11-01:42:35.634087 10c0ad600 Options.max_bytes_for_level_multiplier_addtl[0]: 1
2022/11/11-01:42:35.634088 10c0ad600 Options.max_bytes_for_level_multiplier_addtl[1]: 1
2022/11/11-01:42:35.634089 10c0ad600 Options.max_bytes_for_level_multiplier_addtl[2]: 1
2022/11/11-01:42:35.634090 10c0ad600 Options.max_bytes_for_level_multiplier_addtl[3]: 1
2022/11/11-01:42:35.634091 10c0ad600 Options.max_bytes_for_level_multiplier_addtl[4]: 1
2022/11/11-01:42:35.634092 10c0ad600 Options.max_bytes_for_level_multiplier_addtl[5]: 1
2022/11/11-01:42:35.634093 10c0ad600 Options.max_bytes_for_level_multiplier_addtl[6]: 1
2022/11/11-01:42:35.634095 10c0ad600       Options.max_sequential_skip_in_iterations: 8
2022/11/11-01:42:35.634096 10c0ad600                    Options.max_compaction_bytes: 1677721600
2022/11/11-01:42:35.634097 10c0ad600                        Options.arena_block_size: 8388608
2022/11/11-01:42:35.634098 10c0ad600   Options.soft_pending_compaction_bytes_limit: 68719476736
2022/11/11-01:42:35.634099 10c0ad600   Options.hard_pending_compaction_bytes_limit: 274877906944
2022/11/11-01:42:35.634100 10c0ad600       Options.rate_limit_delay_max_milliseconds: 100
2022/11/11-01:42:35.634102 10c0ad600                Options.disable_auto_compactions: 0
2022/11/11-01:42:35.634103 10c0ad600                        Options.compaction_style: kCompactionStyleLevel
2022/11/11-01:42:35.634105 10c0ad600                          Options.compaction_pri: kMinOverlappingRatio
2022/11/11-01:42:35.634106 10c0ad600 Options.compaction_options_universal.size_ratio: 1
2022/11/11-01:42:35.634107 10c0ad600 Options.compaction_options_universal.min_merge_width: 2
2022/11/11-01:42:35.634108 10c0ad600 Options.compaction_options_universal.max_merge_width: 4294967295
2022/11/11-01:42:35.634109 10c0ad600 Options.compaction_options_universal.max_size_amplification_percent: 200
2022/11/11-01:42:35.634110 10c0ad600 Options.compaction_options_universal.compression_size_percent: -1
2022/11/11-01:42:35.634112 10c0ad600 Options.compaction_options_universal.stop_style: kCompactionStopStyleTotalSize
2022/11/11-01:42:35.634113 10c0ad600 Options.compaction_options_fifo.max_table_files_size: 1073741824
2022/11/11-01:42:35.634114 10c0ad600 Options.compaction_options_fifo.allow_compaction: 0
2022/11/11-01:42:35.634122 10c0ad600                   Options.table_properties_collectors: 
2022/11/11-01:42:35.634123 10c0ad600                   Options.inplace_update_support: 0
2022/11/11-01:42:35.634125 10c0ad600                 Options.inplace_update_num_locks: 10000
2022/11/11-01:42:35.634126 10c0ad600               Options.memtable_prefix_bloom_size_ratio: 0.000000
2022/11/11-01:42:35.634127 10c0ad600               Options.memtable_whole_key_filtering: 0
2022/11/11-01:42:35.634162 10c0ad600   Options.memtable_huge_page_size: 0
2022/11/11-01:42:35.634164 10c0ad600                           Options.bloom_locality: 0
2022/11/11-01:42:35.634165 10c0ad600                    Options.max_successive_merges: 0
2022/11/11-01:42:35.634166 10c0ad600                Options.optimize_filters_for_hits: 0
2022/11/11-01:42:35.634167 10c0ad600                Options.paranoid_file_checks: 0
2022/11/11-01:42:35.634168 10c0ad600                Options.force_consistency_checks: 1
2022/11/11-01:42:35.634169 10c0ad600                Options.report_bg_io_stats: 0
2022/11/11-01:42:35.634170 10c0ad600                               Options.ttl: 2592000
2022/11/11-01:42:35.634171 10c0ad600          Options.periodic_compaction_seconds: 0
2022/11/11-01:42:35.634173 10c0ad600                    Options.enable_blob_files: false
2022/11/11-01:42:35.634174 10c0ad600                        Options.min_blob_size: 0
2022/11/11-01:42:35.634175 10c0ad600                       Options.blob_file_size: 268435456
2022/11/11-01:42:35.634176 10c0ad600                Options.blob_compression_type: NoCompression
2022/11/11-01:42:35.634177 10c0ad600       Options.enable_blob_garbage_collection: false
2022/11/11-01:42:35.634178 10c0ad600   Options.blob_garbage_collection_age_cutoff: 0.250000
2022/11/11-01:42:35.635117 10c0ad600 [db/version_set.cc:4675] Recovered from manifest file:database2/articles/MANIFEST-000196 succeeded,manifest_file_number is 196, next_file_number is 198, last_sequence is 274470, log_number is 193,prev_log_number is 0,max_column_family is 0,min_log_number_to_keep is 0
2022/11/11-01:42:35.635124 10c0ad600 [db/version_set.cc:4684] Column family [default] (ID 0), log number is 193
2022/11/11-01:42:35.635291 10c0ad600 [db/version_set.cc:4119] Creating manifest 200
2022/11/11-01:42:35.636564 10c0ad600 EVENT_LOG_v1 {"time_micros": 1668091355636553, "job": 1, "event": "recovery_started", "wal_files": [197]}
2022/11/11-01:42:35.636569 10c0ad600 [db/db_impl/db_impl_open.cc:856] Recovering log #197 mode 2
2022/11/11-01:42:35.636625 10c0ad600 [db/version_set.cc:4119] Creating manifest 201
2022/11/11-01:42:35.637410 10c0ad600 EVENT_LOG_v1 {"time_micros": 1668091355637406, "job": 1, "event": "recovery_finished"}
2022/11/11-01:42:35.637828 10c0ad600 [file/delete_scheduler.cc:77] Deleted file database2/articles/000197.log immediately, rate_bytes_per_sec 0, total_trash_size 0 max_trash_db_ratio 0.250000
2022/11/11-01:42:35.639562 10c0ad600 [db/db_impl/db_impl_open.cc:1757] SstFileManager instance 0x7f8387a9af70
2022/11/11-01:42:35.639645 10c0ad600 DB pointer 0x7f83889a5200
2022/11/11-01:42:35.639911 70000638c000 [db/db_impl/db_impl.cc:932] ------- DUMPING STATS -------
2022/11/11-01:42:35.639919 70000638c000 [db/db_impl/db_impl.cc:933] 
** DB Stats **
Uptime(secs): 0.0 total, 0.0 interval
Cumulative writes: 0 writes, 0 keys, 0 commit groups, 0.0 writes per commit group, ingest: 0.00 GB, 0.00 MB/s
Cumulative WAL: 0 writes, 0 syncs, 0.00 writes per sync, written: 0.00 GB, 0.00 MB/s
Cumulative stall: 00:00:0.000 H:M:S, 0.0 percent
Interval writes: 0 writes, 0 keys, 0 commit groups, 0.0 writes per commit group, ingest: 0.00 MB, 0.00 MB/s
Interval WAL: 0 writes, 0 syncs, 0.00 writes per sync, written: 0.00 MB, 0.00 MB/s
Interval stall: 00:00:0.000 H:M:S, 0.0 percent

** Compaction Stats [default] **
Level    Files   Size     Score Read(GB)  Rn(GB) Rnp1(GB) Write(GB) Wnew(GB) Moved(GB) W-Amp Rd(MB/s) Wr(MB/s) Comp(sec) CompMergeCPU(sec) Comp(cnt) Avg(sec) KeyIn KeyDrop Rblob(GB) Wblob(GB)
------------------------------------------------------------------------------------------------------------------------------------------------------------------------------------------------
  L0      2/0   877.63 KB   0.5      0.0     0.0      0.0       0.0      0.0       0.0   0.0      0.0      0.0      0.00              0.00         0    0.000       0      0       0.0       0.0
  L1      1/0    2.54 MB   0.0      0.0     0.0      0.0       0.0      0.0       0.0   0.0      0.0      0.0      0.00              0.00         0    0.000       0      0       0.0       0.0
 Sum      3/0    3.40 MB   0.0      0.0     0.0      0.0       0.0      0.0       0.0   0.0      0.0      0.0      0.00              0.00         0    0.000       0      0       0.0       0.0
 Int      0/0    0.00 KB   0.0      0.0     0.0      0.0       0.0      0.0       0.0   0.0      0.0      0.0      0.00              0.00         0    0.000       0      0       0.0       0.0

** Compaction Stats [default] **
Priority    Files   Size     Score Read(GB)  Rn(GB) Rnp1(GB) Write(GB) Wnew(GB) Moved(GB) W-Amp Rd(MB/s) Wr(MB/s) Comp(sec) CompMergeCPU(sec) Comp(cnt) Avg(sec) KeyIn KeyDrop Rblob(GB) Wblob(GB)
---------------------------------------------------------------------------------------------------------------------------------------------------------------------------------------------------

Blob file count: 0, total size: 0.0 GB

Uptime(secs): 0.0 total, 0.0 interval
Flush(GB): cumulative 0.000, interval 0.000
AddFile(GB): cumulative 0.000, interval 0.000
AddFile(Total Files): cumulative 0, interval 0
AddFile(L0 Files): cumulative 0, interval 0
AddFile(Keys): cumulative 0, interval 0
Cumulative compaction: 0.00 GB write, 0.00 MB/s write, 0.00 GB read, 0.00 MB/s read, 0.0 seconds
Interval compaction: 0.00 GB write, 0.00 MB/s write, 0.00 GB read, 0.00 MB/s read, 0.0 seconds
Stalls(count): 0 level0_slowdown, 0 level0_slowdown_with_compaction, 0 level0_numfiles, 0 level0_numfiles_with_compaction, 0 stop for pending_compaction_bytes, 0 slowdown for pending_compaction_bytes, 0 memtable_compaction, 0 memtable_slowdown, interval 0 total count

** File Read Latency Histogram By Level [default] **

** Compaction Stats [default] **
Level    Files   Size     Score Read(GB)  Rn(GB) Rnp1(GB) Write(GB) Wnew(GB) Moved(GB) W-Amp Rd(MB/s) Wr(MB/s) Comp(sec) CompMergeCPU(sec) Comp(cnt) Avg(sec) KeyIn KeyDrop Rblob(GB) Wblob(GB)
------------------------------------------------------------------------------------------------------------------------------------------------------------------------------------------------
  L0      2/0   877.63 KB   0.5      0.0     0.0      0.0       0.0      0.0       0.0   0.0      0.0      0.0      0.00              0.00         0    0.000       0      0       0.0       0.0
  L1      1/0    2.54 MB   0.0      0.0     0.0      0.0       0.0      0.0       0.0   0.0      0.0      0.0      0.00              0.00         0    0.000       0      0       0.0       0.0
 Sum      3/0    3.40 MB   0.0      0.0     0.0      0.0       0.0      0.0       0.0   0.0      0.0      0.0      0.00              0.00         0    0.000       0      0       0.0       0.0
 Int      0/0    0.00 KB   0.0      0.0     0.0      0.0       0.0      0.0       0.0   0.0      0.0      0.0      0.00              0.00         0    0.000       0      0       0.0       0.0

** Compaction Stats [default] **
Priority    Files   Size     Score Read(GB)  Rn(GB) Rnp1(GB) Write(GB) Wnew(GB) Moved(GB) W-Amp Rd(MB/s) Wr(MB/s) Comp(sec) CompMergeCPU(sec) Comp(cnt) Avg(sec) KeyIn KeyDrop Rblob(GB) Wblob(GB)
---------------------------------------------------------------------------------------------------------------------------------------------------------------------------------------------------

Blob file count: 0, total size: 0.0 GB

Uptime(secs): 0.0 total, 0.0 interval
Flush(GB): cumulative 0.000, interval 0.000
AddFile(GB): cumulative 0.000, interval 0.000
AddFile(Total Files): cumulative 0, interval 0
AddFile(L0 Files): cumulative 0, interval 0
AddFile(Keys): cumulative 0, interval 0
Cumulative compaction: 0.00 GB write, 0.00 MB/s write, 0.00 GB read, 0.00 MB/s read, 0.0 seconds
Interval compaction: 0.00 GB write, 0.00 MB/s write, 0.00 GB read, 0.00 MB/s read, 0.0 seconds
Stalls(count): 0 level0_slowdown, 0 level0_slowdown_with_compaction, 0 level0_numfiles, 0 level0_numfiles_with_compaction, 0 stop for pending_compaction_bytes, 0 slowdown for pending_compaction_bytes, 0 memtable_compaction, 0 memtable_slowdown, interval 0 total count

** File Read Latency Histogram By Level [default] **
2022/11/11-01:42:35.655962 10c0ad600 [db/db_impl/db_impl_compaction_flush.cc:1572] [default] Manual flush start.
2022/11/11-01:42:35.655989 10c0ad600 [db/db_impl/db_impl_compaction_flush.cc:1583] [default] Manual flush finished, status: OK
2022/11/11-01:42:35.655996 10c0ad600 [db/db_impl/db_impl.cc:463] Shutdown: canceling all background work
2022/11/11-01:42:35.656424 10c0ad600 [db/db_impl/db_impl.cc:642] Shutdown complete
